0.05000001 0.000428663384016413 0.00686794756072181
0.10000001 0.0017028906625042 0.0272833281493291
0.15000001 0.00376984398661208 0.060399585729867
0.20000001 0.00654798940412658 0.104910401803718
0.25000001 0.0099467129178788 0.159363979450436
0.30000001 0.0138820149815871 0.222414496982192
0.35000001 0.0182613570968643 0.292579323556306
0.40000001 0.0229797668664541 0.368176615221179
0.45000001 0.0279397556101174 0.447644430442704
0.50000001 0.0330301438888484 0.52920147745351
0.55000001 0.0381468900487071 0.611180824460411
0.60000001 0.0431962639564333 0.692080748516935
0.65000001 0.0480890722265842 0.770472213421658
0.70000001 0.0527513179580574 0.845169657600215
0.75000001 0.0571212054888411 0.915183004964928
0.80000001 0.0611442150209556 0.979638751672205
0.85000001 0.0647746737811634 1.03780513890325
0.90000001 0.0679816066457027 1.08918589024722
0.95000001 0.0707440406218166 1.13344498116874
1.00000001 0.0730473751946325 1.17034848552845
1.05000001 0.0748767298102657 1.19965799046543
1.10000001 0.0762055940553592 1.22094875214679
1.15000001 0.0770277872272322 1.23412174475535
1.20000001 0.0773504114535331 1.23929075697023
1.25000001 0.0772099304081123 1.23704000150755
1.30000001 0.0766596741621601 1.228223920678
1.35000001 0.0757371949486016 1.2134441678444
1.40000001 0.0744859487371214 1.19339698470158
1.45000001 0.0729591554015358 1.16893504800288
1.50000001 0.0712161433955189 1.1410089047833
1.55000001 0.0693132050805005 1.11052045849619
1.60000001 0.0673060201966981 1.07836179731672
1.65000001 0.0652502681905154 1.04542500471264
1.70000001 0.0631997308569643 1.0125717604113
1.75000001 0.0612015627729218 0.980557564353472
1.80000001 0.0592930640770973 0.949980030905627
1.85000001 0.0574826497371661 0.92097398277218
1.90000001 0.0557994113815306 0.894005519428323
1.95000001 0.0542781122485389 0.869631609598044
2.00000001 0.0529449631892711 0.848272197595347
2.05000001 0.0518344515096278 0.830479831217099
2.10000001 0.0509914311946643 0.81697315084346
2.15000001 0.0504609075949497 0.808473221998532
2.20000001 0.0502806249423898 0.805584774209295
2.25000001 0.0504960485996666 0.809036243209641
2.30000001 0.0511543649131618 0.819583637944152
2.35000001 0.0522980131993642 0.837906911520621
2.40000001 0.0539569993217391 0.864486811081158
2.45000001 0.0561430502026167 0.899511222716844
2.50000001 0.0588498908642754 0.942879610157162
2.55000001 0.06205120825103 0.994170391589092
2.60000001 0.0657135966448024 1.05284834817066
2.65000001 0.0697652764570936 1.11776344360738
2.70000001 0.0741258416129009 1.1876274299936
2.75000001 0.0787272458300223 1.26135008522199
2.80000001 0.0834910382775371 1.33767448786432
2.85000001 0.0883302888918454 1.41520786414866
2.90000001 0.093159994018649 1.49258830479615
2.95000001 0.0979110936589831 1.56870934615929
3.00000001 0.102511497727746 1.64241597723741
3.05000001 0.10688699237457 1.71251916054419
3.10000001 0.110973092357945 1.77798572815896
3.15000001 0.114700766947576 1.8377096853702
3.20000001 0.118004905810724 1.89064784918727
3.25000001 0.120827682913879 1.93587374401045
3.30000001 0.123128998266298 1.97274489687872
3.35000001 0.124873278208321 2.00069135468155
3.40000001 0.126033578289695 2.01928141954529
3.45000001 0.12659285177442 2.02824197253026
3.50000001 0.126543155744771 2.02744575400931
3.55000001 0.125885187853814 2.01690394162172
3.60000001 0.12462833203229 1.99676688257848
3.65000001 0.122791186882546 1.96733255947009
3.70000001 0.120402303830118 1.92905841676387
3.75000001 0.117498122778953 1.88252828633995
3.80000001 0.114120644309326 1.82841509197396
3.85000001 0.110330048894836 1.76768303157098
3.90000001 0.106191976948169 1.70138378094239
3.95000001 0.10177614613872 1.63063434078224
4.00000001 0.0971448077402349 1.55643208688613
4.05000001 0.092377401645636 1.48004978720943
4.10000001 0.0875402602767094 1.40255020477643
4.15000001 0.0827075230139026 1.32512118393328
4.20000001 0.077964135331195 1.24912370180693
4.25000001 0.073397569112739 1.17595921309539
4.30000001 0.0690819432744876 1.1068152342673
4.35000001 0.0650883123144194 1.04283018438123
4.40000001 0.0614965260337218 0.985283398849839
4.45000001 0.0583745412823644 0.935263666917534
4.50000001 0.0557510348676383 0.893230441889696
4.55000001 0.0536508577049283 0.85958187949892
4.60000001 0.0520771417057517 0.834368158521529
4.65000001 0.0510150241466404 0.817351151771498
4.70000001 0.0504319878631763 0.808009876612162
4.75000001 0.0502842268488669 0.805642483138319
4.80000001 0.0505246891670371 0.809495115887234
4.85000001 0.051108583189552 0.818850133547193
4.90000001 0.0519983650520639 0.83310601683481
